version  1.43
chi^2  237458.62019564604
Npixels  114455
DoF  114381
Npixels_with_pull_gt_5  811
Npixels_with_pull_gt_10  252
Npixels_with_pull_gt_20  113
Npixels_with_pull_gt_50  6

SN_A1  149.039358  3.271134
SN_A2  150.507495  3.698341
SN_A3  187.084658  4.819288
SN_A4  158.350917  3.572523
SN_A5  162.007781  4.333959

MJD_1  58519.568200
MJD_2  58546.494022
MJD_3  58554.498524
MJD_4  58556.464820
MJD_5  58565.479682


Cmat:
10.700318833615576  2.6554564494145847  3.3527689362307105  2.9617914864243  3.373940914187313  
2.6556059787254505  13.677728249732885  3.6446742902337292  3.202742233246461  3.6564563415953355  
3.352769323442896  3.6427648437636244  23.22553771258599  4.072875760998273  4.693791542747959  
2.9617186055387097  3.20385359548953  4.071947970228715  12.762922140757988  4.082028284870152  
3.374080021556901  3.657073475527901  4.6955695089282194  4.080693585588321  18.78319728377228  

Wmat:
0.10695035305433825  -0.011807096296996262  -0.008566585741486383  -0.015474753183792652  -0.011408808025975959  
-0.011809079643523014  0.08281785476921093  -0.007148119700028556  -0.012740866228155616  -0.009445483136232639  
-0.008567951818179083  -0.007139557154689255  0.048508876037412905  -0.009415001850664451  -0.0071470795937119596  
-0.01547138753034794  -0.012749774101025676  -0.009406607081986288  0.09211013060092381  -0.012406033030196852  
-0.011409504420361689  -0.009448906982789296  -0.007152444350352173  -0.012397095152772002  0.061609419739103964  
PARSED_JSON_BELOW
{"coeffs": [[[0.0, 0.0, 0.0, 0.0, 0.0, 0.0, 0.0], [0.0, 0.04841417322422767, -0.06592415284805418, -0.09774947438130241, -0.02700156884807203, -0.005578912691682558, 0.0], [0.0, -0.04589830920072124, -0.2587573145783981, -3.0567508191978274, -0.33085371209154557, -0.03265320591734915, 0.0], [0.0, -0.032270119807875086, -0.5309618507270164, -4.151809561749756, -0.5909132676417431, -0.011748381060644146, 0.0], [0.0, -0.02470337180998246, -0.33834267396205214, -3.0032967220825726, -0.2793681115618831, -0.0449396433256703, 0.0], [0.0, -0.05478312461960574, 0.02415052177325923, -0.703523483172541, 0.03773909945537582, -0.06283597879374102, 0.0], [0.0, 0.0, 0.0, 0.0, 0.0, 0.0, 0.0]], [2.1715640126935485, 3.1518753203536005, 8.14382198289181, 4.593885728051696, 3.369778385975411, 2.4573061573774244, 1.2665819156548448, 0.36162734300464255, -0.30853537988419466, -0.30018295974849013, -0.28176961858848565, -0.2567434603554462, -0.28422916797284065, -0.30039065009416815, 0.24242125237218334, 1.6906750357237699, 0.9239503161900765, -0.4061161157890427, 0.22175278882318056, -0.0955776332784686]], "dRA": [6.99314011577116e-05, 1.2389944628892924e-05, 6.944874908274157e-05, 9.491712148253282e-06, 6.295974244377535e-05, 1.2546333484526443e-05, 7.062185568573375e-05, 2.750357590079199e-05, 6.245146817139253e-05, 2.8996336616330233e-05, 1.5310905411741628e-05], "dDec": [4.339591804679367e-06, 3.385645380383069e-06, 1.836014008257062e-05, 6.358377387888117e-06, 1.6750269560024327e-05, -1.4189601732004208e-05, 1.036856397081038e-05, 5.29247681266359e-06, 1.4189688987455827e-05, 7.424017949749346e-06, -1.6114404646126748e-05], "sndRA_offset": -2.187891222417181e-05, "sndDec_offset": -0.00017602371823541491, "SN_ampl": [149.039358251138, 150.50749506285692, 187.08465822911543, 158.3509167119889, 162.0077812440321], "pt_RA": [193.35093971915558, 193.35088217769905, 193.3509392365035, 193.35087927946657, 193.35093274749687, 193.3508823340879, 193.3509404096101, 193.3508972913303, 193.3509322392226, 193.35089878409104, 193.35088509865983], "pt_Dec": [0.4609922047624581, 0.4609912508160338, 0.461006225310736, 0.4609942235480413, 0.4610046154402135, 0.46097367556892144, 0.46099823373462423, 0.4609931576474661, 0.4610020548596409, 0.46099528918860316, 0.4609717507660073]}
