version  1.43
chi^2  4742.141717541862
Npixels  53955
DoF  53317
Npixels_with_pull_gt_5  0
Npixels_with_pull_gt_10  0
Npixels_with_pull_gt_20  0
Npixels_with_pull_gt_50  0

SN_A1  87.542122  5.188047
SN_A2  57.982209  5.402407
SN_A3  80.321235  6.128400
SN_A4  65.758377  5.309558
SN_A5  44.796459  5.784841

MJD_1  58519.568200
MJD_2  58546.494022
MJD_3  58554.498524
MJD_4  58556.464820
MJD_5  58565.479682


Cmat:
26.91583608588055  20.28519315482001  20.34770268459069  20.329333895570436  20.31632940175157  
20.285193154820064  29.18600038004582  20.475138937736258  20.411861589105396  20.443474755536588  
20.34770268459024  20.47513893773581  37.557281575301374  20.65810023457994  20.87599442354311  
20.329333895569913  20.41186158910487  20.65810023457986  28.191401187836142  20.628794037250078  
20.31632940175178  20.443474755536755  20.875994423543737  20.628794037250653  33.464387708621985  

Wmat:
0.11000478207306971  -0.02961178751584996  -0.014539125459293298  -0.033223789768383374  -0.019143937283886168  
-0.029611787515850335  0.09089959916008807  -0.011337331357977987  -0.025231132498666004  -0.014927359014362152  
-0.014539125459292788  -0.011337331357977834  0.053238169655564646  -0.013742270941404192  -0.008987379334630658  
-0.03322378976838194  -0.025231132498665293  -0.01374227094140395  0.10102880795558192  -0.018121396025116223  
-0.019143937283886848  -0.01492735901436253  -0.008987379334631028  -0.018121396025115897  0.06740134228253992  
PARSED_JSON_BELOW
{"coeffs": [[[0.0, 0.0, 0.0, 0.0, 0.0, 0.0, 0.0, 0.0, 0.0, 0.0, 0.0, 0.0, 0.0, 0.0, 0.0, 0.0, 0.0, 0.0, 0.0, 0.0, 0.0, 0.0, 0.0, 0.0, 0.0, 0.0, 0.0, 0.0, 0.0], [0.0, 0.0, 0.0, 0.0, 0.0, 0.0, 0.0, 0.0, 0.0, -0.04500954124454619, 0.03513846130523721, -0.0468883529924855, -0.11235965138661184, 0.21838808404110302, -0.36591284889144626, 0.8801942130609202, -0.28256937952748656, 0.129825400535164, -0.07880153291574253, 0.051084772819448926, 0.0, 0.0, 0.0, 0.0, 0.0, 0.0, 0.0, 0.0, 0.0], [0.0, 0.0, 0.0, 0.0, 0.0, 0.0, 0.0, -0.03285527803278266, 0.047242431039954395, 0.04323226282462962, 0.01758170690802447, -0.014381750322357749, 0.21303333904848204, -0.4520484107352159, 0.8052956042207895, -1.7594274070020464, 0.6038825629544727, 0.03258525867286787, 0.17479391447641332, -0.15791109513251123, 0.0696633835180522, 0.015477788078956145, 0.0, 0.0, 0.0, 0.0, 0.0, 0.0, 0.0], [0.0, 0.0, 0.0, 0.0, 0.0, 0.0, 0.20656042489042262, 0.09779951517384403, -0.15529911242616457, 0.25277213844455243, -0.45000541815614037, 0.4871560312922205, -0.9855789649526278, 1.7052273352607104, -2.4113363443978484, 19.56699973231049, -3.3011278763805003, 2.0459528790495325, -1.3957095441617295, 0.8973416019656913, -0.5657493541156379, 0.2906139470950024, -0.11479010287246301, 0.0, 0.0, 0.0, 0.0, 0.0, 0.0], [0.0, 0.0, 0.0, 0.0, 0.0, 0.9851709061089493, -0.2837317483937254, 0.27050357289105287, -0.1295593897284057, 0.19277703199908572, -0.12017315516051995, 0.2605256407547246, 0.008617973848320085, -0.27371006936257597, 0.4788522740150248, -2.312539880473093, 1.1474548236095776, -0.7268120272130851, 0.5612103186609002, -0.38345946342903503, 0.23910539300653436, -0.11553418842710435, 0.028230685327238447, 0.10364938584207645, 0.0, 0.0, 0.0, 0.0, 0.0], [0.0, 0.0, 0.0, 0.0, 0.19987467314446808, -0.4462155899198857, 0.41795890339896546, -0.36052323597330727, 0.21920470677786602, -0.16910583691490214, 0.09798931748211612, -0.30049759336251125, 0.14945856617924608, 0.0780683141169088, -0.18470962942727656, 1.5594442493058112, -0.7076262225834619, 0.5418891824019236, -0.4401472927826998, 0.34609978110664924, -0.28799013723009453, 0.17103374862606593, 0.00033317649388525547, -0.10653401626070243, 0.016767013384267986, 0.0, 0.0, 0.0, 0.0], [0.0, 0.0, 0.0, 0.05512066802339187, -0.1187222121053572, 0.36115811172340867, -0.33154098613381866, 0.29888199966697193, -0.19947645581617657, 0.1415962210161483, -0.01976034857039884, 0.22216055806299512, -0.14687885835680953, 0.030481106777974065, 0.07747941113026352, -0.8393287414075059, 0.36519342154093526, -0.2863341866769901, 0.2440429255958593, -0.1700247903959838, 0.23388050194549512, -0.13175555861621388, -0.00018329055319961975, 0.06421542427311598, -0.05361445873425313, 0.08829519504884684, 0.0, 0.0, 0.0], [0.0, 0.0, 0.1613942865454414, -0.19916400494121633, 0.23712008549744754, -0.35970130706351877, 0.3795778798522044, -0.30248485631062283, 0.2359339336793127, -0.06943090037784472, -0.003902067038398632, -0.04932225379028777, 0.09123874644614843, 0.02856960591905454, 0.04958686563753101, 0.460573946537269, -0.10300354338039441, 0.19459789894022692, -0.17415473573546228, 0.1876791505035556, -0.27935965394184087, 0.1571505169987681, -0.06485442924545554, -0.013686777008951278, 0.07146832965259792, -0.1709142132210907, 0.008514841988100201, 0.0, 0.0], [0.0, 0.0, -0.09572061036440296, 0.16775129430019758, -0.2500537986709807, 0.36000225906217087, -0.3469680240289364, 0.40081499063762044, -0.4254844669409794, 0.2336297667001398, -0.02402802158670078, 0.0350066377158197, 0.03337109003945133, -0.05782359664653582, 0.021341227983630702, -0.20434365437694904, -0.011926328663520185, -0.13546144848421457, 0.1392899274433658, -0.15221599569022726, 0.27743369707855176, -0.19656512285660446, 0.12549032514931194, 0.0037635668941206728, -0.026986619206804605, 0.17827403102074374, -0.036610295869607096, 0.0, 0.0], [0.0, 0.11683793239487986, 0.0017093598695230678, -0.1408126096495974, 0.2718040649212275, -0.4339593896993457, 0.3991958964813273, -0.44538848309527523, 0.4841711030006081, -0.2503379004934048, 0.11078059407267514, -0.001403881601929586, 0.12776607975176935, -0.03842102799149531, 0.3068625970376579, -0.03708147874280428, 0.33244852309059597, 0.03361641129446829, -0.014368423170458548, 0.11664981548855266, -0.24400527767270327, 0.27367815338478696, -0.22646814507202612, 0.0985994694492687, -0.08299366961508475, -0.07465148602750389, 0.028941241628976853, -0.017144546484328185, 0.0], [0.0, -0.09292970854027573, 0.009865813034203618, 0.10454926439470061, -0.21281483936931103, 0.4050506425954942, -0.34942896846104454, 0.4098475457974263, -0.4425772742854755, 0.2656158247817554, 0.0403588406353699, -0.033382146433500216, 0.1394365996651918, 0.22144905619867275, 0.0505819065161691, 0.20485194689185834, -0.2528918915593351, 0.09968598031539934, -0.08013745892726927, 0.09147518350158244, -0.02461877656073548, 0.004242801166013159, 0.08885267662663514, -0.03886705706153157, 0.07315103177136803, 0.04291123583630402, -0.037320532786742515, -0.009830268557295128, 0.0], [0.0, 0.047189804023481184, -0.008798179276933731, -0.021225054861543843, 0.06832982927247033, -0.2438545306034883, 0.26637843652638243, -0.323190774999216, 0.41193543273422656, -0.1793799105332299, 0.005869274606277998, 0.24000502628747158, 0.12427133474076303, 0.23967864666075933, 0.19035479736312766, 0.19289789741379723, 0.2947208726366153, 0.0242085275635586, 0.1303390601482188, -0.1663235295769063, 0.20035722292551889, -0.24116278533140637, 0.04021009991995352, -0.07301212421115365, 0.00643697674179915, -0.07005096818839615, 0.13371443358173207, -0.025227723940508064, 0.0], [0.0, -0.10348605352090813, 0.0724081053893536, -0.012863063726178424, -0.06246104458742069, 0.17417882750037925, -0.2215234391905461, 0.27313477586592566, -0.32324127871322705, 0.1422255244683981, 0.02272990675433748, 0.06222320383480767, 0.12594657751223567, 0.23232607334050198, 0.5374131394358459, 0.24629178864491677, 0.24439641345874974, -0.06118468253282428, 0.040538250530300565, 0.13903010060731646, -0.10607409600921476, 0.2708701688092999, -0.036203196681455996, 0.05578132022447938, 0.053256542197303094, 0.05720181620045049, -0.14868123006021122, 0.04877984345673203, 0.0], [0.0, 0.043140485076312504, -0.010136991108904854, -0.015078208326238123, 0.1757576751767171, -0.2377919174802597, 0.26461293056986684, -0.24541382305196122, 0.2982490598541865, -0.12061284576505348, 0.07828158642639708, 0.23616146490616977, 0.30186946811158166, 0.6189071117115689, 0.7550587520876386, 0.6164543687173768, 0.2789613655637043, 0.29817988594782735, -0.023559341253872133, -0.04128998526286417, -0.009002552035200263, -0.1427541202746732, 0.04732072175577803, -0.16790273590067656, 0.023631238774247075, 0.023357063255809125, 0.01053214123029959, -0.020044379722379196, 0.0], [0.0, -0.020488575766548736, -0.03249145737814411, -0.05267168340819446, -0.11293033088302945, 0.16736638213287258, -0.1715137326683021, 0.15878605193487108, -0.1476629522589443, 0.11511943067681353, 0.06681208956655063, -0.2702393564094986, 0.14110064309730377, 0.7361378239632085, 2.7979164748974013, 1.4668697968940838, 0.37777346893646696, -0.01639217019712952, 0.15864462215833527, 0.03663399567298593, 0.14967724252901105, 0.06427283402986947, 0.032782950821261383, 0.1435746490253618, -0.030380374203090334, -0.015871325221889103, 0.048257307674599424, -0.026748266747786662, 0.0], [0.0, 0.15004605391303905, -0.12469650084087347, 0.18123556042404193, 0.045630079466979646, -0.1369150314784805, 0.14752046886804568, -0.0926394671491202, 0.11424797152477044, -0.13364097027354657, 0.22534911159945864, -0.07352916433410958, 0.8711286330737895, 0.2667549592324353, 4.298826627163091, 1.975899809035374, 0.16256128822211208, 0.4912119255938146, -0.14250750421580646, 0.055142624219099254, -0.21037625843737612, 0.023972387470457133, -0.13652375554949978, -0.008265998575139011, -0.0135407394127206, 0.022539049575706013, -0.0453318793237104, 0.060313702207859234, 0.0], [0.0, -0.10118033854592884, 0.094402156854655, -0.17836624850753308, 0.05637118699779582, 0.0829974382200884, -0.07871979574780184, -0.007998183973457784, 0.05451265370819055, -0.04785304016736198, 0.041309370869686286, 0.0019508013430067205, 0.030431860314988082, 0.5991119753620254, 1.1302260132693296, 1.1410804608345284, 0.3707406700464641, 0.010460471760522661, 0.08478309744537073, 0.14267094064185148, 0.1248431848505781, 0.058541510909914225, 0.058884213639657984, 0.01050462208992805, 0.03754155058389498, -0.008896576671048206, 0.028733017598177406, -0.027318674829209036, 0.0], [0.0, 0.007476788079433721, 0.012307724385645811, 0.1556645143129715, -0.14883333128690612, -0.033824804015128884, 0.020039507795852056, 0.13139515839157218, -0.09097045574844174, 0.14428041264494398, 0.015285575167185171, 0.1734632403603189, 0.14854401116468954, 0.34881398514740414, 0.8026489378605774, 0.6961013113823453, 0.21039440116345176, 0.27280285595256737, 0.09474017692494531, -0.15610095711681116, -0.009235712968660258, -0.07519097773881316, 0.03767259961605133, 0.03335919427455873, -0.11917357833601018, 0.07705820340830721, -0.10340694268542161, -0.019878804572213863, 0.0], [0.0, 0.04210717238813373, -0.046434772835997694, -0.12985244964051404, 0.1656432415094041, 0.02094894693713886, 0.026314108095151355, -0.15772597420434645, 0.14041967194681107, -0.17835170771151615, 0.05611064279161779, -0.06337391599807178, 0.16346908965462634, 0.09874051526451388, 0.154182698430007, 0.15851527269162724, 0.2591418112579476, 0.06897752010671127, -0.01100218532917552, 0.21725179791498073, -0.06316000531728344, 0.15408970366823133, -0.017212467574958198, -0.03802975245643163, 0.09214292595166268, -0.04234808042677466, 0.16173751757595126, -0.029914787961589043, 0.0], [0.0, -0.05628102202661696, 0.05231058361691599, 0.181144055234514, -0.24788287953478716, 0.07366999688314034, -0.12622644553690615, 0.25648371404701015, -0.23783714915572302, 0.3099512008699525, -0.13960473155147457, 0.09207202996756453, -0.007697606516811732, 0.19703641906307512, 0.3181062382629977, 0.15465959646007882, 0.18912231592412176, -0.05893700462301959, 0.169793592733177, -0.2883419680082331, 0.20338510635392235, -0.253309705451055, 0.11811929562468748, 0.014897926337924484, -0.11687253436127845, 0.045518310498932166, -0.11546537198642373, 0.03503637308077548, 0.0], [0.0, 0.0, -0.03536014467528736, -0.10815906757940218, 0.10135736573095916, 0.006677886755381081, 0.09385337801932993, -0.21265497804201763, 0.26013647867383344, -0.3374039064218261, 0.18452934075201777, -0.016172345109452663, 0.04178629407622834, -0.06932547869444546, -0.07352386230073125, 0.11433649546051822, 0.07622320193200763, 0.16282152766929955, -0.030160521727428793, 0.21216965110706568, -0.12967844348632485, 0.2829245201492508, -0.15454579057517878, 0.0833128605231356, -0.03021668881777886, 0.03641285455998242, 0.012592146794860613, 0.0, 0.0], [0.0, 0.0, 0.03819496182900885, 0.04861002353145181, -0.04532634535835603, 0.029036455758271, -0.15388393732022135, 0.18105834386985376, -0.21962403938760072, 0.3694451585846803, -0.3187810241061457, 0.15563873953529808, -0.04838779349212039, 0.19428741518994136, 0.06556671226915738, 0.14073748503846745, 0.023251626121250136, -0.06236314552594622, -0.02797952202063242, -0.07913733088478818, 0.08565930394188076, -0.11080675604529505, 0.012291285300157773, -0.07859357530130391, 0.11586857662212417, -0.05631661268285466, 0.033452330768919784, 0.0, 0.0], [0.0, 0.0, 0.0, -0.003667516300371343, 0.0031238769262719214, 0.05710272831423747, 0.14198163793629653, -0.21011416938727664, 0.26708586068535156, -0.3708984109469585, 0.38091229510883456, -0.2241380950844291, 0.14525140505469256, -0.07642512615307016, 0.09245441744274632, -0.17791405510412858, 0.1240853445021548, 0.023535383223933157, 0.14792568382133786, 0.04941139989237187, -0.09001651451101096, 0.06867756269318792, 0.04148782684748268, 0.036565522639528544, -0.0736250020114779, -0.023370778671519987, 0.0, 0.0, 0.0], [0.0, 0.0, 0.0, 0.0, 0.00853765996338331, -0.05555100177627353, -0.08852338533399419, 0.14459136960876193, -0.1943231077525743, 0.34019377979617277, -0.4405212654006205, 0.34817818408922974, -0.17191296226050445, -0.017611613964851412, -0.04114963395248262, 0.27328175496968876, -0.1216696424824262, 0.06557330613120423, -0.10918178105525299, -0.05740242659008037, 0.17114606047251207, -0.1371231886106711, 0.04434822234113015, -0.059461144965819224, 0.0657448253627692, 0.0, 0.0, 0.0, 0.0], [0.0, 0.0, 0.0, 0.0, 0.0, 0.07065422904893234, 0.018693963330189772, -0.06575389156883488, 0.1589623805115448, -0.26132463717003035, 0.4229785514111267, -0.3212595561409278, 0.1988414293350221, 0.018574626161916515, 0.08858088837167283, -0.24602681161668152, 0.14357178035902868, -0.04833875626312352, 0.07666994893994769, 0.02976413435341323, -0.09979842861930234, 0.0579999235190685, -0.021357441848856035, 0.002058268106368252, 0.0, 0.0, 0.0, 0.0, 0.0], [0.0, 0.0, 0.0, 0.0, 0.0, 0.0, -0.05124608591533574, 0.03676668061335702, -0.0514754339247883, 0.07065291060887878, -0.18855138184741319, 0.148531908937755, -0.04659347969785846, -0.12805120369973805, 0.08049662475614654, 0.09817662871948782, -0.01688809617829759, -0.018763325360556766, 0.08090389317454251, -0.08678029813627652, 0.11262602962712487, -0.08228053558423525, 0.053305298623366096, 0.0, 0.0, 0.0, 0.0, 0.0, 0.0], [0.0, 0.0, 0.0, 0.0, 0.0, 0.0, 0.0, -0.02119366126749393, 0.061421005769316424, -0.07776368131444315, 0.1938753520743025, -0.2525810444996783, 0.17019672389498894, -0.00027063606206839485, -0.04789753595646084, -0.030415797218596476, 0.024175659436290714, -0.03944110123700646, -0.010183449975774209, 0.0691718795038784, -0.07562348662101737, 0.04703261730590408, 0.0, 0.0, 0.0, 0.0, 0.0, 0.0, 0.0], [0.0, 0.0, 0.0, 0.0, 0.0, 0.0, 0.0, 0.0, 0.0, 0.009937120136939339, -0.050883615814704235, 0.10933598352469683, -0.03028218308465939, -0.0617041248892877, 0.0623212559300285, -0.05008262861010611, 0.06804229137494928, -0.043127671493777074, 0.06161801305984665, -0.02606580543489358, 0.0, 0.0, 0.0, 0.0, 0.0, 0.0, 0.0, 0.0, 0.0], [0.0, 0.0, 0.0, 0.0, 0.0, 0.0, 0.0, 0.0, 0.0, 0.0, 0.0, 0.0, 0.0, 0.0, 0.0, 0.0, 0.0, 0.0, 0.0, 0.0, 0.0, 0.0, 0.0, 0.0, 0.0, 0.0, 0.0, 0.0, 0.0]]], "dRA": [-2.3560599612304884e-05, -7.876833642168106e-05, -2.490736470976692e-05, -8.262776869536243e-05, -2.7965551759611454e-05, -7.946942546859649e-05, -2.129380416178458e-05, -6.455306639156495e-05, -3.077041916509895e-05, -6.221617043606786e-05, -8.404294182443571e-05], "dDec": [-6.65472720533851e-05, -7.271396236198858e-05, -5.80817036147156e-05, -7.007260081288965e-05, -6.255497785621161e-05, -9.488147697172555e-05, -6.601993618670045e-05, -7.391659890671922e-05, -6.435597305402885e-05, -7.088317601629753e-05, -7.586465957811499e-05], "sndRA_offset": 9.711732112442018e-06, "sndDec_offset": -0.00042191384902662407, "SN_ampl": [87.54212219627652, 57.982208566492794, 80.32123549396748, 65.7583769731135, 44.796458865414934], "pt_RA": [193.35087781779916, 193.35082261006235, 193.35087647103404, 193.35081875063005, 193.350873412847, 193.3508219089733, 193.3508800845946, 193.35083682533238, 193.3508706079796, 193.3508391622283, 193.35081733545692], "pt_Dec": [0.46067542776780884, 0.4606692610775003, 0.46068389333624754, 0.4606719024390494, 0.460679420062006, 0.4606470935628905, 0.46067595510367554, 0.46066805844095554, 0.4606776190668082, 0.46067109186384597, 0.46066611038028416]}
